round=1 [track-d measure] {"scenario":"inert-bulk","serverAuthority":true,"inertRegions":false,"prodBuild":true,"gc":true,"iterations":40,"hydrateMs":{"min":3.6332090000005337,"median":4.103345999999874,"p90":6.615864999999758,"max":8.50876500000004},"allocatedBytes":{"min":1009632,"median":1052288,"p90":1132896,"max":1417088},"htmlBytes":16675,"scriptBytes":0,"scriptGzipBytes":20,"htmlGzipBytes":724,"rawMs":[8.509,7.758,7.114,6.338,6.775,4.035,6.616,4.29,6.128,4.288,4.596,4.103,3.988,6.24,4.033,3.9,4.177,3.966,4.207,4.401,4.18,4.088,3.904,4.253,4.164,5.202,3.904,3.985,4.355,4.09,3.877,3.786,3.844,4.038,5.213,3.892,3.933,3.633,4.033,3.64],"rawBytes":[1417088,1199432,1157912,1142864,1132896,1126912,1116888,1120488,1108728,1122224,1112320,1052760,1073192,1074224,1064232,1062952,1068976,1048688,1054120,1099712,1049744,1055768,1031352,1042136,1014016,1052288,1033192,1013304,1014016,1032912,1011912,1012912,1022576,1018088,1029664,1018056,1012768,1020504,1012768,1009632]}
round=1 [track-d measure] {"scenario":"inert-footer","serverAuthority":true,"inertRegions":false,"prodBuild":true,"gc":true,"iterations":40,"hydrateMs":{"min":0.6450810000005731,"median":0.7740200000007462,"p90":0.9610579999998663,"max":1.1351850000000923},"allocatedBytes":{"min":63416,"median":64520,"p90":65048,"max":74656},"htmlBytes":366,"scriptBytes":0,"scriptGzipBytes":20,"htmlGzipBytes":267,"rawMs":[0.961,0.905,0.801,1.135,1.081,0.699,0.811,0.878,0.754,0.755,0.729,0.855,0.823,0.865,0.724,0.795,0.741,0.703,0.68,0.789,0.771,0.861,1.004,0.774,0.819,0.79,0.751,0.655,0.683,0.763,0.866,0.802,0.799,0.969,0.667,0.645,0.756,0.726,0.724,0.679],"rawBytes":[74656,65048,63744,73672,64520,64664,64520,66568,64520,64664,64520,64664,63416,63480,64520,64664,63416,63560,64520,64664,63416,64664,64520,63480,64520,63560,63416,64664,63416,63560,64520,63560,63416,73672,64520,64664,64520,64664,64520,63560]}
round=1 [track-d measure] {"scenario":"inert-nested-live","serverAuthority":true,"inertRegions":false,"prodBuild":true,"gc":true,"iterations":40,"hydrateMs":{"min":0.6709069999997155,"median":0.7537620000002789,"p90":0.925984000000426,"max":1.03550499999983},"allocatedBytes":{"min":64016,"median":65704,"p90":66248,"max":79760},"htmlBytes":306,"scriptBytes":0,"scriptGzipBytes":20,"htmlGzipBytes":214,"rawMs":[0.926,0.792,0.996,0.755,0.707,0.754,0.778,0.719,0.738,0.816,0.741,0.849,0.704,0.701,0.847,0.951,0.83,0.843,0.744,0.862,0.671,0.85,0.727,0.682,0.745,0.674,0.988,0.729,0.705,0.796,0.863,0.753,0.736,0.868,0.773,0.703,1.036,0.714,0.729,0.84],"rawBytes":[79760,66248,65848,64016,65592,65504,65848,65704,65848,65704,65848,65704,65848,65704,64744,74424,65848,65704,65848,64600,64744,65704,65848,65704,65848,65704,67120,65312,65456,65312,64352,64208,65456,65312,65456,65312,66584,65312,65456,65312]}
round=1 [track-d measure] {"scenario":"inert-bulk","serverAuthority":true,"inertRegions":true,"prodBuild":true,"gc":true,"iterations":40,"hydrateMs":{"min":1.825749999999971,"median":2.3916330000001835,"p90":3.457933000000139,"max":4.4060380000000805},"allocatedBytes":{"min":324672,"median":376912,"p90":400176,"max":600120},"htmlBytes":15767,"scriptBytes":0,"scriptGzipBytes":20,"htmlGzipBytes":399,"rawMs":[3.137,2.628,2.477,2.494,2.421,2.246,2.278,2.707,2.308,2.084,2.482,2.461,2.144,3.935,3.458,3.524,3.169,2.168,1.826,2.148,1.877,2.577,2.18,1.986,2.106,2.232,2.837,2.098,2.334,2.187,4.406,2.636,2.655,3.46,2.138,2.097,2.429,1.835,2.392,2.454],"rawBytes":[600120,418488,397968,400176,396776,381336,367448,377952,381368,370816,378320,382520,377072,376752,378000,393640,410032,378032,358008,376768,335936,398760,378128,365280,378296,376768,385240,366592,376912,324672,371080,364520,366176,403936,364792,364808,365816,348536,368712,364520]}
round=1 [track-d measure] {"scenario":"inert-footer","serverAuthority":true,"inertRegions":true,"prodBuild":true,"gc":true,"iterations":40,"hydrateMs":{"min":0.5632080000004862,"median":0.6715359999998327,"p90":0.7951940000002651,"max":0.8532740000000558},"allocatedBytes":{"min":45672,"median":47072,"p90":47560,"max":55808},"htmlBytes":348,"scriptBytes":0,"scriptGzipBytes":20,"htmlGzipBytes":258,"rawMs":[0.853,0.661,0.753,0.765,0.563,0.642,0.584,0.602,0.641,0.672,0.736,0.795,0.721,0.707,0.637,0.815,0.74,0.815,0.671,0.727,0.729,0.672,0.695,0.594,0.606,0.654,0.62,0.593,0.58,0.602,0.606,0.69,0.72,0.701,0.688,0.806,0.732,0.624,0.624,0.618],"rawBytes":[55808,47944,47160,47248,47416,46456,46232,47560,46312,46456,46232,47560,47416,47560,47416,47560,47416,46456,47416,47560,46312,46456,46232,47560,46312,47560,47416,47560,46312,46376,47416,46456,47416,47072,46776,45816,46776,46920,45672,46920]}
round=1 [track-d measure] {"scenario":"inert-nested-live","serverAuthority":true,"inertRegions":true,"prodBuild":true,"gc":true,"iterations":40,"hydrateMs":{"min":0.6277380000001358,"median":0.7379060000002937,"p90":0.9543430000003355,"max":1.1238750000002256},"allocatedBytes":{"min":53496,"median":55040,"p90":55616,"max":79584},"htmlBytes":294,"scriptBytes":0,"scriptGzipBytes":20,"htmlGzipBytes":210,"rawMs":[1.025,0.954,0.697,0.647,0.867,0.629,1.046,0.712,0.649,1.124,0.87,0.766,0.738,0.772,0.745,0.805,0.805,0.658,0.94,0.708,0.698,0.628,0.734,0.768,0.701,0.801,0.951,0.725,0.739,0.644,0.721,0.736,0.973,0.764,0.715,0.806,0.707,0.688,0.835,0.682],"rawBytes":[79584,56776,56280,55288,55040,54136,55616,55184,55040,55184,55040,53496,54784,54928,55040,55184,55040,55184,55040,55184,55040,54080,53936,55184,55040,55184,71856,55184,55040,55184,55040,55184,55040,55184,55040,55184,55040,54080,54680,55184]}
round=2 [track-d measure] {"scenario":"inert-bulk","serverAuthority":true,"inertRegions":false,"prodBuild":true,"gc":true,"iterations":40,"hydrateMs":{"min":3.2342389999998886,"median":3.941827999999987,"p90":4.766920999999911,"max":7.146013000000039},"allocatedBytes":{"min":999536,"median":1029544,"p90":1126352,"max":1389632},"htmlBytes":16675,"scriptBytes":0,"scriptGzipBytes":20,"htmlGzipBytes":724,"rawMs":[5.86,5.191,4.767,4.261,4.358,4.532,4.851,4.491,4.333,4.733,4.33,4.177,4.262,7.146,4.304,4.522,4.401,3.661,3.889,3.85,3.834,3.558,3.889,4.377,3.722,3.718,3.894,3.744,3.956,3.662,3.491,3.234,3.85,3.68,3.597,3.318,4.182,3.559,3.942,3.721],"rawBytes":[1389632,1198960,1126352,1108928,1161024,1112936,1117168,1123808,1115992,1130128,1094120,1076272,1079192,1083240,1063224,1114208,1070552,1011960,1025008,1014112,1029008,1011768,1026568,1019216,1013136,1029544,1036848,1014368,1034264,1032640,999536,1012888,1025400,1017944,1013104,1011768,1012056,1007704,1014256,1028712]}
round=2 [track-d measure] {"scenario":"inert-footer","serverAuthority":true,"inertRegions":false,"prodBuild":true,"gc":true,"iterations":40,"hydrateMs":{"min":0.6311800000003132,"median":0.7707160000009026,"p90":0.999243999999635,"max":3.3128200000001016},"allocatedBytes":{"min":62112,"median":64576,"p90":73616,"max":78408},"htmlBytes":366,"scriptBytes":0,"scriptGzipBytes":20,"htmlGzipBytes":267,"rawMs":[0.888,0.798,0.723,0.938,0.643,0.706,0.922,0.771,0.631,0.656,0.817,0.821,0.989,1.604,0.966,0.931,1.018,0.978,0.999,0.745,0.704,0.739,0.657,0.636,0.715,0.76,0.737,0.778,1.212,0.694,0.675,3.313,0.7,0.834,0.896,0.866,0.831,0.753,0.683,0.663],"rawBytes":[74712,65104,62112,74856,64320,63360,78408,63536,64576,63616,64576,63520,64576,75424,64576,63616,65152,64720,64576,73616,66400,64720,64576,63616,73472,63536,64576,64720,64576,64720,64576,63616,64576,64720,73472,63536,64576,64720,64576,64720]}
round=2 [track-d measure] {"scenario":"inert-nested-live","serverAuthority":true,"inertRegions":false,"prodBuild":true,"gc":true,"iterations":40,"hydrateMs":{"min":0.6688969999995606,"median":0.8026479999998628,"p90":0.9877619999997478,"max":1.7903260000002774},"allocatedBytes":{"min":64656,"median":65760,"p90":65904,"max":79816},"htmlBytes":306,"scriptBytes":0,"scriptGzipBytes":20,"htmlGzipBytes":214,"rawMs":[0.937,0.775,0.791,0.79,0.693,1.79,0.91,0.873,0.788,0.699,0.803,0.725,0.782,0.957,0.725,0.821,0.773,0.988,0.719,0.765,0.816,0.86,1.114,0.846,0.812,0.886,1.121,0.941,0.833,0.714,0.821,0.815,0.764,0.877,1.132,0.735,0.791,0.675,0.669,0.759],"rawBytes":[79816,66304,65904,65760,65904,65816,65904,65504,65648,64656,64800,65760,65904,65760,65904,65760,65904,65760,65904,65760,65904,65760,65904,65760,65904,65800,65904,69176,65512,65368,65512,65368,65512,65368,65512,65368,65512,65368,65512,65368]}
round=2 [track-d measure] {"scenario":"inert-bulk","serverAuthority":true,"inertRegions":true,"prodBuild":true,"gc":true,"iterations":40,"hydrateMs":{"min":1.7455570000001899,"median":2.21292799999992,"p90":2.731670000000122,"max":3.876412999999957},"allocatedBytes":{"min":357904,"median":377080,"p90":395520,"max":625560},"htmlBytes":15767,"scriptBytes":0,"scriptGzipBytes":20,"htmlGzipBytes":399,"rawMs":[3.876,2.685,2.238,2.226,2.08,2.192,2.732,2.973,1.925,1.849,2.242,1.895,2.118,1.787,1.895,2.043,2.529,2.289,2.378,2.213,2.436,2.199,3.584,2.712,2.722,1.913,1.746,1.908,2.027,2.339,2.797,2.41,2.498,2.589,2.001,1.922,2.108,2.278,1.909,2.163],"rawBytes":[625560,399632,397640,376752,395520,378768,385512,378208,371616,376752,378320,376928,378256,370736,357904,376752,378360,381240,378248,376768,391888,377992,386368,391384,377080,366232,357904,376768,378128,376744,365880,394576,388936,397152,365976,376264,365880,372672,364952,375048]}
round=2 [track-d measure] {"scenario":"inert-footer","serverAuthority":true,"inertRegions":true,"prodBuild":true,"gc":true,"iterations":40,"hydrateMs":{"min":0.4877440000000206,"median":0.65500400000019,"p90":0.7282679999998436,"max":0.9565319999992425},"allocatedBytes":{"min":45672,"median":47416,"p90":56080,"max":56448},"htmlBytes":348,"scriptBytes":0,"scriptGzipBytes":20,"htmlGzipBytes":258,"rawMs":[0.722,0.684,0.55,0.811,0.656,0.661,0.535,0.62,0.622,0.621,0.61,0.728,0.661,0.698,0.597,0.683,0.689,0.611,0.488,0.633,0.614,0.665,0.679,0.706,0.957,0.705,0.558,0.691,0.657,0.787,0.636,0.61,0.74,0.708,0.593,0.622,0.6,0.616,0.655,0.57],"rawBytes":[56080,46696,46376,52728,46456,47416,46456,47416,47560,46312,47560,47416,56448,47416,46456,56304,47560,46312,56200,47416,47560,46312,47560,46312,56448,47416,46456,46232,47560,47416,46456,47416,46456,45824,46920,45672,45816,46776,47712,46672]}
round=2 [track-d measure] {"scenario":"inert-nested-live","serverAuthority":true,"inertRegions":true,"prodBuild":true,"gc":true,"iterations":40,"hydrateMs":{"min":0.5631069999999454,"median":0.7095429999999396,"p90":0.7828649999992194,"max":1.5703389999998763},"allocatedBytes":{"min":53352,"median":55096,"p90":55184,"max":88736},"htmlBytes":294,"scriptBytes":0,"scriptGzipBytes":20,"htmlGzipBytes":210,"rawMs":[1.57,0.821,0.758,0.755,0.717,0.716,0.723,0.671,0.71,0.681,0.729,0.753,0.75,0.613,0.623,0.679,0.623,0.563,0.619,0.604,0.687,0.766,0.626,0.673,0.731,0.661,0.777,0.783,0.723,0.723,0.886,0.716,0.772,0.785,0.615,0.677,0.59,0.565,0.655,0.688],"rawBytes":[88736,56632,56424,55144,55184,55096,55184,53352,54928,54784,55184,55040,55184,55040,55184,55040,55184,55040,55184,55040,55184,55040,55184,55040,55184,55040,56456,55040,55184,55040,54080,53936,55184,55040,55184,55040,55184,55040,55184,55040]}
round=3 [track-d measure] {"scenario":"inert-bulk","serverAuthority":true,"inertRegions":false,"prodBuild":true,"gc":true,"iterations":40,"hydrateMs":{"min":3.22425099999964,"median":3.8319149999997535,"p90":4.4772649999999885,"max":10.902816000000257},"allocatedBytes":{"min":1002344,"median":1043792,"p90":1115680,"max":1393664},"htmlBytes":16675,"scriptBytes":0,"scriptGzipBytes":20,"htmlGzipBytes":724,"rawMs":[10.903,4.534,3.932,4.249,4.906,4.186,4.205,4.248,4.242,4.194,3.879,3.661,4.13,3.809,3.633,4.477,4.005,3.578,4.129,4.074,3.947,3.458,3.766,4.457,3.819,3.617,3.713,3.609,3.607,3.846,3.524,3.559,3.727,3.832,3.557,3.224,5.311,3.501,3.483,3.801],"rawBytes":[1393664,1188072,1113496,1110304,1163312,1115680,1106560,1105544,1122976,1107728,1075768,1034992,1079048,1064232,1092800,1094864,1076424,1031544,1052696,1064160,1037384,1032744,1047344,1046336,1020712,1035672,1011680,1023104,1029464,1013160,1012864,1034384,1013016,1043792,1013216,1012056,1008352,1011912,1002344,1014856]}
round=3 [track-d measure] {"scenario":"inert-footer","serverAuthority":true,"inertRegions":false,"prodBuild":true,"gc":true,"iterations":40,"hydrateMs":{"min":0.6150909999996657,"median":0.7583299999996598,"p90":0.8796969999993962,"max":1.0310520000002725},"allocatedBytes":{"min":61704,"median":64576,"p90":65152,"max":82096},"htmlBytes":366,"scriptBytes":0,"scriptGzipBytes":20,"htmlGzipBytes":267,"rawMs":[0.915,0.851,0.88,0.945,0.829,0.748,0.773,0.722,0.747,0.741,0.71,0.783,0.81,0.814,0.806,0.754,0.781,0.673,0.775,0.679,0.615,0.793,0.73,0.639,0.737,0.728,0.758,0.726,0.751,0.817,0.746,0.862,0.861,0.701,0.882,0.735,1.031,0.717,0.78,0.828],"rawBytes":[68744,64960,64584,82096,64720,64576,64720,64576,63616,66400,63536,64576,64720,65152,64720,63472,63616,61704,64464,64320,63616,64576,63616,63392,64720,64576,65296,63472,63616,63392,64720,64576,64720,64576,64720,63472,64720,63472,64720,64576]}
round=3 [track-d measure] {"scenario":"inert-nested-live","serverAuthority":true,"inertRegions":false,"prodBuild":true,"gc":true,"iterations":40,"hydrateMs":{"min":0.6551689999996597,"median":0.7549859999999171,"p90":0.8856409999998505,"max":1.0247250000002168},"allocatedBytes":{"min":64264,"median":65760,"p90":65904,"max":77792},"htmlBytes":306,"scriptBytes":0,"scriptGzipBytes":20,"htmlGzipBytes":214,"rawMs":[1.025,0.811,0.735,0.807,0.747,0.808,0.714,0.68,0.767,0.691,0.728,0.732,0.72,0.898,0.775,0.834,0.755,0.771,0.728,0.856,0.955,0.987,0.655,0.745,0.843,0.726,0.829,0.756,0.886,0.744,0.734,0.78,0.668,0.842,0.724,0.711,0.713,0.759,0.778,0.73],"rawBytes":[77792,66304,65904,65760,65904,65816,65904,65760,65904,64656,64800,65760,65904,65760,65904,65760,65904,65760,65904,65760,64800,74400,65904,65760,65904,65760,67424,64264,64328,65368,65512,65368,65512,65368,65512,65368,65512,65368,65512,64264]}
round=3 [track-d measure] {"scenario":"inert-bulk","serverAuthority":true,"inertRegions":true,"prodBuild":true,"gc":true,"iterations":40,"hydrateMs":{"min":1.7942969999994602,"median":2.3632339999999203,"p90":3.6963880000002973,"max":6.3803820000002816},"allocatedBytes":{"min":346632,"median":376952,"p90":403760,"max":606528},"htmlBytes":15767,"scriptBytes":0,"scriptGzipBytes":20,"htmlGzipBytes":399,"rawMs":[4.269,2.984,2.425,2.43,4.001,3.696,2.898,3.203,2.327,2.286,2.194,2.112,2.389,2.517,6.38,2.667,2.255,2.041,2.231,2.302,2.364,2.04,2.404,6.035,2.294,2.363,2.139,2.249,2.561,1.845,1.925,2.069,3.208,2.378,1.794,2.418,2.178,2.06,2.001,2.445],"rawBytes":[606528,418488,397968,376752,419912,391560,377168,377920,388120,358912,377216,376896,368232,403760,403304,376752,382232,376816,378072,376912,393104,390376,378272,448608,378152,376952,374064,376768,394360,346632,365176,364664,364888,372848,350400,364520,365736,364664,365736,378976]}
round=3 [track-d measure] {"scenario":"inert-footer","serverAuthority":true,"inertRegions":true,"prodBuild":true,"gc":true,"iterations":40,"hydrateMs":{"min":0.5339170000006561,"median":0.643025000000307,"p90":0.8434120000001712,"max":3.6976340000001073},"allocatedBytes":{"min":44488,"median":47104,"p90":49432,"max":63424},"htmlBytes":348,"scriptBytes":0,"scriptGzipBytes":20,"htmlGzipBytes":258,"rawMs":[0.767,0.589,0.7,0.714,1.117,0.729,0.582,1.177,0.721,0.728,0.663,0.619,0.611,0.843,0.583,0.812,3.698,0.716,0.643,0.699,0.534,0.609,0.636,0.558,0.758,0.581,0.606,0.714,0.588,0.578,0.574,0.621,0.593,0.831,0.654,0.57,0.57,0.93,0.771,0.599],"rawBytes":[56136,46784,47360,55168,47360,46400,46256,63424,47360,47504,47360,45624,47104,47248,46256,47504,49432,47504,47360,47504,44488,46064,47104,46400,47360,47504,46256,55856,47360,46400,46256,47504,46256,45832,48832,46864,46720,45760,46720,45912]}
round=3 [track-d measure] {"scenario":"inert-nested-live","serverAuthority":true,"inertRegions":true,"prodBuild":true,"gc":true,"iterations":40,"hydrateMs":{"min":0.6439229999996314,"median":0.76725499999975,"p90":0.9505200000003242,"max":1.0450190000001385},"allocatedBytes":{"min":53880,"median":55088,"p90":55128,"max":79672},"htmlBytes":294,"scriptBytes":0,"scriptGzipBytes":20,"htmlGzipBytes":210,"rawMs":[0.871,0.713,0.664,0.721,0.779,0.703,0.831,0.951,0.783,0.758,0.679,0.767,0.973,1.045,0.943,0.805,0.912,0.745,0.747,0.823,1.009,0.749,0.702,0.679,0.779,0.717,0.99,0.78,0.653,0.757,0.719,0.705,0.727,0.821,0.828,0.673,0.77,0.78,0.81,0.644],"rawBytes":[79672,55472,55264,55088,55128,55040,55128,54984,55128,54984,55128,53880,55128,54984,55128,54984,55128,53880,53944,54984,55128,54984,55128,54984,55128,53880,64976,54984,55128,54984,55128,54984,55128,53880,55128,54984,55128,54984,55128,54984]}
