round=1 [track-d measure] {"scenario":"authority-bulk","serverAuthority":false,"inertRegions":true,"prodBuild":true,"gc":true,"iterations":40,"hydrateMs":{"min":6.767499999999927,"median":8.52697500000022,"p90":10.152657999999974,"max":13.502141999999822},"allocatedBytes":{"min":1992704,"median":2085304,"p90":2157952,"max":2340736},"htmlBytes":18810,"scriptBytes":11226,"scriptGzipBytes":3144,"htmlGzipBytes":2017,"rawMs":[13.502,10.365,9.604,9.187,9.478,9.559,10.153,8.516,7.529,8.522,8.59,8.794,8.735,10.86,8.909,7.736,8.974,8.533,8.547,8.527,8.428,8.92,7.946,8.106,8.514,7.402,7.815,11.109,10.028,7.063,7.936,9.179,8.373,7.674,6.767,8.617,7.651,8.391,7.866,8.488],"rawBytes":[2340736,2198616,2195504,2158816,2142384,2144928,2097544,2108944,2080376,2114464,2088440,2089392,2101704,2095048,2118448,2089936,2146872,2132352,2110152,2157952,2038848,2071048,2028320,2069288,2050088,1992704,2034680,2118024,2060536,2029632,2036424,2085304,2052216,2038864,2002104,2044968,2007320,2040560,2003256,2047344]}
round=1 [track-d measure] {"scenario":"authority-catalog","serverAuthority":false,"inertRegions":true,"prodBuild":true,"gc":true,"iterations":40,"hydrateMs":{"min":0.9255190000003495,"median":1.1977109999997992,"p90":1.5861230000000432,"max":7.664856000000327},"allocatedBytes":{"min":120136,"median":123392,"p90":130000,"max":166568},"htmlBytes":565,"scriptBytes":2122,"scriptGzipBytes":924,"htmlGzipBytes":230,"rawMs":[1.451,1.484,1.295,1.248,1.26,1.586,1.667,1.533,1.604,1.166,1.158,0.998,1.136,1.132,1.06,1.13,1.361,1.162,0.984,0.991,1.241,1.22,1.161,1.1,1.567,7.665,1.242,1.198,0.999,4.149,0.926,1.407,1.247,1.092,1.058,0.989,1.424,1.364,1.025,1.16],"rawBytes":[142648,128552,134432,122992,124152,128400,123392,122144,122288,123248,126688,122064,129288,122064,122208,123248,127160,122144,120136,121808,121952,122064,128384,123248,122288,166568,123392,125248,122288,132264,123392,130000,126968,122672,123592,124632,124776,126456,123592,123448]}
round=1 [track-d measure] {"scenario":"authority-sync","serverAuthority":false,"inertRegions":true,"prodBuild":true,"gc":true,"iterations":40,"hydrateMs":{"min":0.7311520000002929,"median":0.8855100000000675,"p90":1.033331999999973,"max":2.663072000000284},"allocatedBytes":{"min":82704,"median":83808,"p90":84040,"max":104472},"htmlBytes":44,"scriptBytes":0,"scriptGzipBytes":20,"htmlGzipBytes":55,"rawMs":[1.066,0.908,0.904,0.84,0.844,0.827,0.983,1.033,0.824,1.018,0.905,0.922,0.86,0.921,1.339,0.895,0.991,0.731,0.853,0.955,0.814,0.886,0.837,2.663,0.976,1.141,0.891,0.84,0.883,0.775,0.895,0.819,0.82,0.886,0.847,0.967,0.856,0.883,0.857,0.858],"rawBytes":[104472,95176,84040,83664,83920,83888,83808,83664,82704,83664,83808,83664,82704,85736,83808,83664,83808,83664,83808,83664,83808,83664,83808,83664,83808,83664,83808,83664,83808,83664,83808,83664,83808,83664,83808,84240,82704,83664,83808,83664]}
round=1 [track-d measure] {"scenario":"authority-bulk","serverAuthority":true,"inertRegions":true,"prodBuild":true,"gc":true,"iterations":40,"hydrateMs":{"min":5.615012000000206,"median":7.2485700000006545,"p90":9.599589999999807,"max":13.014654999999948},"allocatedBytes":{"min":1608072,"median":1707240,"p90":1775688,"max":1955960},"htmlBytes":18810,"scriptBytes":11934,"scriptGzipBytes":3144,"htmlGzipBytes":2017,"rawMs":[9.366,13.015,8.932,8.057,10.757,8.883,7.317,9.838,7.439,9.45,10.776,9.6,7.203,6.264,6.606,6.508,7.634,7.749,7.542,7.315,6.466,6.423,6.712,8.614,7.004,6.489,6.883,6.33,5.615,6.475,6.781,6.793,7.411,7.085,7.734,7.025,7.178,7.724,7.249,7],"rawBytes":[1955960,1819128,1847408,1753104,1791712,1775688,1744232,1764512,1721032,1711216,1735104,1710992,1717832,1685592,1688376,1676800,1714736,1694704,1727496,1718112,1690952,1683104,1678784,1703728,1732816,1675168,1689632,1722960,1608072,1716976,1707240,1700464,1698400,1689656,1693272,1696240,1696336,1695200,1713576,1706112]}
round=1 [track-d measure] {"scenario":"authority-catalog","serverAuthority":true,"inertRegions":true,"prodBuild":true,"gc":true,"iterations":40,"hydrateMs":{"min":0.9249399999998786,"median":1.1901490000000194,"p90":1.5373340000005555,"max":2.5679000000000087},"allocatedBytes":{"min":104648,"median":106088,"p90":112712,"max":138184},"htmlBytes":565,"scriptBytes":2049,"scriptGzipBytes":891,"htmlGzipBytes":231,"rawMs":[1.508,1.048,1.24,1.248,1.454,1.345,1.445,1.205,1.046,1.273,1.045,1.537,1.376,1.06,0.925,1.136,1.069,1.284,2.305,1.695,1.221,2.568,1.024,1.182,1.112,1.144,1.391,1.26,1.076,1.659,1.156,1.135,1.213,1.086,1.115,1.063,1.158,1.19,1.177,1.194],"rawBytes":[138184,105160,110592,106280,104728,105944,110936,104760,106088,104840,104984,108944,117528,104760,106088,112712,104984,105944,119968,105944,106088,118936,106088,106456,104904,105944,109336,109656,106088,104760,104648,105688,112408,104760,109016,106536,109136,104760,111336,105944]}
round=1 [track-d measure] {"scenario":"authority-sync","serverAuthority":true,"inertRegions":true,"prodBuild":true,"gc":true,"iterations":40,"hydrateMs":{"min":0.5455369999999675,"median":0.6785869999994247,"p90":0.8580670000001192,"max":1.1175120000007155},"allocatedBytes":{"min":36128,"median":37376,"p90":37952,"max":56512},"htmlBytes":44,"scriptBytes":55,"scriptGzipBytes":69,"htmlGzipBytes":55,"rawMs":[0.843,0.726,0.782,0.78,0.648,0.62,0.74,0.576,0.629,0.712,0.662,0.566,0.713,0.712,0.614,0.546,0.558,0.606,0.671,0.63,0.779,0.562,1.118,0.868,0.878,0.69,0.627,0.698,0.678,0.667,0.679,0.771,0.664,0.674,0.858,0.781,0.581,0.679,0.895,0.78],"rawBytes":[56512,48312,43912,37232,37600,37512,37376,37232,37376,37232,37376,37232,37376,36128,37376,37232,37376,37232,37376,37232,37376,37232,37376,37232,37376,37232,37376,37232,37376,37232,37376,37232,37376,36128,37952,37232,36272,39304,37376,36456]}
round=2 [track-d measure] {"scenario":"authority-bulk","serverAuthority":false,"inertRegions":true,"prodBuild":true,"gc":true,"iterations":40,"hydrateMs":{"min":6.693189999999959,"median":8.27023199999985,"p90":12.250016999999843,"max":14.00195900000017},"allocatedBytes":{"min":1983728,"median":2057576,"p90":2152248,"max":2329424},"htmlBytes":18810,"scriptBytes":11226,"scriptGzipBytes":3144,"htmlGzipBytes":2017,"rawMs":[14.002,13.889,10.211,9.634,9.139,9.048,9.55,13.665,8.565,7.947,8.194,12.25,8.181,8.333,8.485,8.316,8.187,8.235,8.114,7.806,8.195,8.146,7.959,8.778,7.097,9.614,8.95,7.855,7.086,13.6,8.871,7.434,6.981,7.592,6.693,8.27,8.343,8.659,7.905,7.657],"rawBytes":[2329424,2209216,2149328,2117360,2103192,2157168,2152248,2163832,2065640,2004064,2048424,2064136,2066992,2060808,2057576,2035280,2091256,2049672,2051296,2032552,2042032,2074184,2079240,2053392,2053824,2042288,2070080,2037808,2035232,2070656,2072912,2008336,2033848,2022648,1983728,2041936,2096280,2050200,2059400,2025824]}
round=2 [track-d measure] {"scenario":"authority-catalog","serverAuthority":false,"inertRegions":true,"prodBuild":true,"gc":true,"iterations":40,"hydrateMs":{"min":0.955735000000459,"median":1.233086999999614,"p90":1.9046619999999166,"max":4.821066000000428},"allocatedBytes":{"min":123224,"median":124728,"p90":133608,"max":141312},"htmlBytes":565,"scriptBytes":2122,"scriptGzipBytes":924,"htmlGzipBytes":230,"rawMs":[1.273,1.101,1.549,1.13,1.204,2.367,4.821,1.905,1.966,1.646,1.155,1.01,1.312,1.094,1.255,1.234,1.085,1.246,1.3,1.183,1.419,1.476,0.992,1.215,1.225,1.191,1.274,1.14,1.198,1.233,0.956,1.156,1.043,1.077,1.917,1.677,1.237,1.265,1.635,1.129],"rawBytes":[139872,125192,136736,123624,124584,141312,123400,124728,123480,123624,124584,123624,129920,125760,125344,123664,124584,125320,131264,125216,128088,126920,124584,128616,125616,133608,129432,123624,123400,124728,123480,126552,123400,124472,123224,140488,124584,128248,128808,123624]}
round=2 [track-d measure] {"scenario":"authority-sync","serverAuthority":false,"inertRegions":true,"prodBuild":true,"gc":true,"iterations":40,"hydrateMs":{"min":0.6861659999995027,"median":0.870002999999997,"p90":1.1211789999997563,"max":1.4171510000005583},"allocatedBytes":{"min":82560,"median":83808,"p90":83896,"max":104328},"htmlBytes":44,"scriptBytes":0,"scriptGzipBytes":20,"htmlGzipBytes":55,"rawMs":[1.082,0.971,0.868,0.933,0.886,0.851,0.892,0.887,0.856,0.848,0.87,0.84,0.842,1.417,0.826,1.058,0.827,0.801,0.686,0.862,1.1,0.796,0.805,0.884,0.987,0.881,0.798,0.851,0.803,0.798,0.805,0.789,0.91,1.013,1.126,0.929,1.196,0.913,1.161,1.121],"rawBytes":[104328,95320,83896,83808,83776,84032,83664,83808,82560,83808,83664,83808,83664,83656,82560,83808,83664,83808,83664,83808,84240,83808,83664,83808,83664,83808,83664,83808,83664,83808,83664,83808,83664,83808,83664,83808,83664,82704,83664,83808]}
round=2 [track-d measure] {"scenario":"authority-bulk","serverAuthority":true,"inertRegions":true,"prodBuild":true,"gc":true,"iterations":40,"hydrateMs":{"min":6.272091000000273,"median":7.440934000000198,"p90":11.037016000000222,"max":13.285565000000133},"allocatedBytes":{"min":1625064,"median":1716616,"p90":1822368,"max":2015272},"htmlBytes":18810,"scriptBytes":11934,"scriptGzipBytes":3144,"htmlGzipBytes":2017,"rawMs":[7.441,10.229,8.706,6.772,6.272,8.265,7.743,8.168,7.389,8.126,6.886,6.701,6.385,6.274,12.29,7.843,7.782,7.654,6.566,6.752,6.688,7.675,7.378,7.796,6.661,7.44,11.674,11.037,7.123,11.397,9.206,9.194,7.06,6.579,6.587,7.867,6.724,6.814,7.777,13.286],"rawBytes":[2015272,1917184,1924680,1753392,1765912,1806088,1778448,1825352,1766968,1822368,1763728,1755424,1793808,1751392,1782352,1771216,1697672,1696888,1705336,1698424,1663320,1771264,1683488,1702064,1692000,1705136,1755016,1716616,1704736,1704088,1707864,1679328,1689688,1723016,1642632,1698752,1687408,1677408,1625064,1725696]}
round=2 [track-d measure] {"scenario":"authority-catalog","serverAuthority":true,"inertRegions":true,"prodBuild":true,"gc":true,"iterations":40,"hydrateMs":{"min":0.9076480000003357,"median":1.2267259999998714,"p90":1.4900379999999132,"max":2.206521000000066},"allocatedBytes":{"min":102768,"median":105944,"p90":111192,"max":117104},"htmlBytes":565,"scriptBytes":2049,"scriptGzipBytes":891,"htmlGzipBytes":231,"rawMs":[1.356,1.889,1.157,1.032,1.4,1.338,1.376,1.206,1.323,1.137,2.207,1.299,1.21,1.121,1.246,1.066,1.228,1.289,1.331,1.246,1.284,0.923,0.908,1.09,1.046,1.036,1.097,1.49,1.257,0.981,0.994,1.199,0.982,0.963,1.176,1.525,1.227,1.338,1.847,1.43],"rawBytes":[117104,110088,105608,105944,106088,112960,104904,105944,104984,104840,104904,111192,105432,104760,109336,102768,102832,105688,107248,107024,104904,104760,104904,106688,106848,108056,106088,109952,117000,105944,104984,108176,104904,104760,106088,109320,104984,114664,108728,111016]}
round=2 [track-d measure] {"scenario":"authority-sync","serverAuthority":true,"inertRegions":true,"prodBuild":true,"gc":true,"iterations":40,"hydrateMs":{"min":0.5987999999997555,"median":0.7187860000003639,"p90":0.8814579999998386,"max":0.9601119999997536},"allocatedBytes":{"min":36128,"median":37376,"p90":37656,"max":56368},"htmlBytes":44,"scriptBytes":55,"scriptGzipBytes":69,"htmlGzipBytes":55,"rawMs":[0.948,0.801,0.881,0.713,0.728,0.705,0.702,0.651,0.674,0.73,0.818,0.679,0.753,0.96,0.735,0.599,0.903,0.719,0.643,0.747,0.706,0.662,0.677,0.733,0.648,0.634,0.86,0.699,0.777,0.659,0.761,0.811,0.802,0.77,0.651,0.637,0.676,0.634,0.795,0.883],"rawBytes":[56368,48456,43768,37376,37456,37656,37232,37376,36128,37376,37232,37376,37232,37376,37232,37376,37232,39448,37232,37376,37232,37376,37232,36272,37232,37376,37232,37376,37232,37376,37232,37376,37232,37376,37232,37376,37232,37376,37232,37376]}
round=3 [track-d measure] {"scenario":"authority-bulk","serverAuthority":false,"inertRegions":true,"prodBuild":true,"gc":true,"iterations":40,"hydrateMs":{"min":7.518047000000024,"median":8.513127000000168,"p90":11.81039200000032,"max":16.242821000000276},"allocatedBytes":{"min":2005632,"median":2050680,"p90":2145016,"max":2408224},"htmlBytes":18810,"scriptBytes":11226,"scriptGzipBytes":3144,"htmlGzipBytes":2017,"rawMs":[10.689,9.046,11.827,9.629,9.478,10.259,12.711,9.798,8.085,8.042,11.81,8.426,8.585,9.102,8.95,9.435,16.243,7.65,7.518,13.78,11.541,8.345,7.593,7.953,9.063,8.513,7.861,7.867,8.291,7.732,7.821,8.226,7.668,7.976,8.588,7.922,7.819,7.877,8.769,9.195],"rawBytes":[2408224,2289792,2287248,2188240,2110416,2145016,2130368,2097936,2011312,2043912,2099232,2009656,2040048,2061736,2037808,2079136,2049584,2051952,2036800,2086536,2069888,2090904,2050680,2056784,2085392,2039792,2015192,2081000,2042360,2031824,2059304,2107616,2005632,2042488,2030072,2027944,2036088,2035144,2034120,2037896]}
round=3 [track-d measure] {"scenario":"authority-catalog","serverAuthority":false,"inertRegions":true,"prodBuild":true,"gc":true,"iterations":40,"hydrateMs":{"min":0.9889370000000781,"median":1.2697339999995165,"p90":1.579845000000205,"max":6.260487999999896},"allocatedBytes":{"min":121328,"median":124728,"p90":138816,"max":146536},"htmlBytes":565,"scriptBytes":2122,"scriptGzipBytes":924,"htmlGzipBytes":230,"rawMs":[1.648,1.243,1.126,1.556,2.069,1.138,1.402,1.382,1.515,1.58,1.543,0.989,1.51,1.201,1.283,1.174,1.395,1.427,1.162,6.26,1.366,1.27,1.239,1.234,1.459,1.112,1.065,1.084,1.285,1.047,1.027,1.176,1.688,1.171,1.283,1.165,1.434,1.222,1.184,1.329],"rawBytes":[140992,126848,125320,123480,139592,124584,123624,123480,127656,137360,126632,124584,142512,126032,126896,121328,127224,130208,123368,146536,127976,123480,123544,124584,132032,123400,124728,123480,129424,123400,123544,123400,122416,122048,128520,123232,138816,125136,123376,126360]}
round=3 [track-d measure] {"scenario":"authority-sync","serverAuthority":false,"inertRegions":true,"prodBuild":true,"gc":true,"iterations":40,"hydrateMs":{"min":0.7743220000002111,"median":0.8959619999995994,"p90":0.9821310000006633,"max":2.888694000000214},"allocatedBytes":{"min":83512,"median":83808,"p90":84384,"max":104328},"htmlBytes":44,"scriptBytes":0,"scriptGzipBytes":20,"htmlGzipBytes":55,"rawMs":[2.889,0.978,0.857,0.85,0.774,1.028,0.838,0.955,0.881,0.839,0.927,0.875,0.85,0.94,0.922,1.084,0.884,0.792,0.874,0.908,0.866,0.915,0.898,0.914,0.865,0.911,0.896,0.837,0.827,0.912,0.946,0.846,0.899,0.894,0.879,1.032,0.83,0.92,0.982,0.904],"rawBytes":[104328,95320,83896,83808,83776,84032,83664,83808,84560,83808,83664,83808,83664,83808,83512,83808,83664,83808,83664,83808,83664,83808,83664,83808,83664,83808,83664,83808,83664,83808,83664,83808,83664,83808,83664,84384,83664,85880,83664,83808]}
round=3 [track-d measure] {"scenario":"authority-bulk","serverAuthority":true,"inertRegions":true,"prodBuild":true,"gc":true,"iterations":40,"hydrateMs":{"min":6.140887999999904,"median":7.219459999999799,"p90":8.718617999999879,"max":12.151260999999977},"allocatedBytes":{"min":1676688,"median":1705216,"p90":1787560,"max":1897688},"htmlBytes":18810,"scriptBytes":11934,"scriptGzipBytes":3144,"htmlGzipBytes":2017,"rawMs":[9.127,8.205,7.899,8.085,7.936,7.77,7.459,7.096,7.45,8.062,6.794,7.771,8.955,6.776,8.395,6.843,6.817,6.193,6.853,6.392,7.256,7.024,8.554,7.219,12.151,7.049,7.156,6.833,7.32,6.843,8.153,9.888,7.168,8.719,6.872,6.817,7.121,6.141,6.306,7.292],"rawBytes":[1897688,1811264,1803736,1787560,1796288,1768864,1766136,1752272,1728096,1767312,1740568,1770752,1701872,1698152,1751440,1705216,1734792,1704840,1698824,1699856,1691632,1700272,1701032,1753216,1695320,1707520,1745160,1688192,1698768,1695192,1686136,1708168,1742104,1717448,1703104,1704352,1685368,1676688,1686304,1694888]}
round=3 [track-d measure] {"scenario":"authority-catalog","serverAuthority":true,"inertRegions":true,"prodBuild":true,"gc":true,"iterations":40,"hydrateMs":{"min":0.9237769999999728,"median":1.1491649999998117,"p90":1.5584710000002815,"max":4.744192000000112},"allocatedBytes":{"min":103696,"median":106088,"p90":115272,"max":119344},"htmlBytes":565,"scriptBytes":2049,"scriptGzipBytes":891,"htmlGzipBytes":231,"rawMs":[1.285,1.05,1.127,1.121,1.324,1.05,1.586,1.164,1.264,1.111,1.149,1.289,1.558,0.924,1.124,1.719,1.28,1.356,1.176,1.143,1.171,1.299,1.395,1.051,1.055,1.274,1.044,1.229,1.272,1.121,1.579,1.095,0.96,1.048,0.997,0.996,1.092,1.056,4.744,1.213],"rawBytes":[115664,104904,106712,106704,119344,105944,104984,105944,107936,104840,110880,104840,119072,105944,104984,111264,106088,106536,106088,115072,104728,109848,117000,103696,106088,108256,104984,105944,106664,104760,115272,104760,106088,106704,104984,104760,108104,104760,111432,110640]}
round=3 [track-d measure] {"scenario":"authority-sync","serverAuthority":true,"inertRegions":true,"prodBuild":true,"gc":true,"iterations":40,"hydrateMs":{"min":0.5692970000000059,"median":0.6800169999996797,"p90":0.7678679999999076,"max":0.9442820000003849},"allocatedBytes":{"min":36128,"median":37232,"p90":37456,"max":56368},"htmlBytes":44,"scriptBytes":55,"scriptGzipBytes":69,"htmlGzipBytes":55,"rawMs":[0.811,0.812,0.944,0.663,0.75,0.667,0.633,0.779,0.668,0.664,0.616,0.573,0.606,0.659,0.652,0.68,0.728,0.692,0.572,0.67,0.569,0.654,0.664,0.73,0.688,0.726,0.68,0.619,0.72,0.699,0.768,0.668,0.75,0.751,0.753,0.657,0.712,0.703,0.619,0.725],"rawBytes":[56368,48456,43768,36600,37456,37656,37232,37376,37232,37376,37232,36272,37232,37376,37232,37376,37232,37376,37232,37376,37232,37376,37232,37376,37232,37376,37232,37376,37232,37376,37232,37376,36128,37376,36128,36272,37232,37376,37232,37376]}
